 0.132
 0.157
 0.056
 0.057
 0.040
 0.251
 0.001
 0.023
 0.106
 0.091
 0.099
 0.099
 0.156
 0.013
 0.087
 0.016
 0.216
 0.169
 0.029
 0.033
 0.168
 0.147
 0.110
 0.108
 0.159
 0.155
 0.134
 0.023
 0.048
 0.159
 0.066
 0.171
 0.163
 0.013
 0.043
 0.029
 0.078
 0.135
-0.003
 0.053
 0.154
 0.281
 0.084
 0.281
 0.311
 0.133
 0.052
 0.152
 0.052
 0.095
 0.196
 0.048
 0.062
 0.096
 0.079
 0.087
 0.076
 0.012
 0.089
 0.058
 0.062
 0.140
 0.044
 0.079
 0.059
 0.058
 0.059
 0.029
 0.242
 0.059
 0.224
 0.253
 0.009
 0.022
 0.026
 0.124
 0.120
 0.171
 0.196
 0.054
 0.078
 0.148
 0.166
 0.050
 0.022
 0.097
 0.030
 0.017
 0.007
 0.071
-0.003
 0.046
 0.080
 0.047
 0.012
 0.111
 0.054
 0.001
 0.027
