 0.634
 0.281
 0.377
 0.256
 0.448
 0.306
 0.258
 0.206
-0.019
 0.229
 0.133
 0.277
 0.288
 0.424
 0.455
 0.352
 0.261
 0.344
 0.554
 0.642
-0.007
 0.773
-0.028
 0.130
 0.800
 0.547
 0.163
 0.279
 1.359
 0.451
 0.754
 0.079
 0.065
 0.434
 0.202
 0.759
 0.464
 0.309
 0.238
 0.037
 0.221
-0.029
 0.407
 0.017
 0.280
 0.468
 0.373
 0.646
 0.469
 0.323
 0.349
 0.229
 0.213
 0.296
 0.117
 0.708
 0.293
 0.582
 0.778
 0.534
 0.977
 1.384
 1.354
 0.462
 0.962
 0.571
 0.501
 0.396
 0.016
 1.064
 0.769
 0.648
 0.305
 0.111
 0.510
 0.317
 1.499
 1.173
 0.753
 0.497
 0.398
 0.682
 0.892
 0.362
 1.388
 0.418
 0.561
 0.086
 0.145
 0.284
 0.206
 0.381
 0.195
 0.128
 0.238
 0.194
 0.526
 0.528
 0.670
 0.463
 0.562
 0.640
 0.348
 1.724
 1.004
 1.225
 0.698
 0.028
 0.045
 0.976
 0.964
 0.419
 1.117
 0.529
 0.264
 1.442
 1.366
 0.600
 0.693
 0.854
 0.746
 1.300
 0.689
 0.225
 0.738
 0.848
 0.504
 0.261
 0.199
 0.175
 0.816
 1.013
 0.338
 0.283
 0.515
 0.445
 0.784
 0.572
 0.558
 0.645
 1.034
 0.632
 1.200
 1.811
 0.717
 0.548
 0.226
 0.290
 0.786
 1.510
 0.979
 0.370
 0.301
 0.100
 0.044
 0.163
 1.626
 0.261
 0.914
 0.395
 0.260
 0.631
 0.384
-0.032
 0.164
 0.502
 0.256
 0.198
 0.236
 0.169
 0.123
 0.512
 0.388
 0.234
 0.235
 0.195
 0.338
-0.031
 1.055
 0.997
 0.615
 0.431
 0.888
 1.129
 0.967
-0.026
 0.206
 0.902
 1.063
 0.332
 0.918
 1.629
 0.240
 0.360
 0.259
 0.402
 0.321
 0.643
 0.504
 0.415
 0.538
 0.299
 0.114
 0.102
 0.432
 0.602
 0.080
 0.121
 0.120
 1.436
 1.270
 1.590
 0.237
 0.735
 0.555
 0.542
 0.564
 0.209
 0.476
 0.628
 0.304
 0.202
 0.418
 0.404
 0.682
 0.689
 0.545
 1.163
 1.517
 0.516
 0.711
 0.973
 1.157
 0.195
 0.306
 0.584
 0.443
 0.363
 0.238
 0.175
 1.130
 0.579
 0.431
 0.624
 0.616
 0.517
 0.270
 0.543
 0.533
 0.306
 0.224
 0.271
 0.093
 0.781
 0.230
 0.398
 0.310
 0.619
 0.835
 0.381
 1.160
 0.619
 0.229
 1.043
 0.494
 0.035
 0.015
 0.681
 0.431
 0.711
 0.395
 1.173
 0.255
 0.144
 0.826
 0.825
 0.976
 0.604
 0.239
 0.557
 0.561
 0.489
 0.958
 0.369
 0.414
 0.316
 1.116
 0.862
 0.258
 0.380
 0.527
 0.007
 0.522
 0.515
 0.572
 0.453
 0.691
 0.287
 0.177
 0.661
 1.768
 0.284
 0.129
 0.040
 0.373
 0.239
 0.336
 0.066
 0.610
 0.489
 0.298
 0.874
 0.460
 0.088
 0.161
 0.195
 0.070
 0.011
 0.115
 0.120
 0.262
 0.265
 0.314
 0.105
 0.059
-0.054
-0.038
 0.320
 0.421
 0.254
 0.918
 0.887
 0.539
 0.338
 0.411
 0.516
-0.000
 0.262
 0.769
 0.417
 0.018
 0.578
 0.841
 0.356
 1.285
 0.371
 0.386
 0.339
 0.322
 0.557
 0.617
 0.465
 0.245
 0.036
 0.104
 0.201
 0.053
 0.349
 0.267
 0.021
 0.592
 1.185
 0.072
 0.188
 0.129
 0.070
 0.598
 0.303
 0.036
 0.597
 0.731
 0.222
 0.066
 0.191
 0.154
